0 : [[46512 71195 68100 42876 47368]
 [52303 77707 53634  4108 85951]
 [35873 88950 48889 98062 49397]
 [97266 16626 98482 59687 78524]
 [57770 71873 89471 85614 96745]] 
0 : Player 0 is now connected to Charlie 
0 : [[    0  3125     0 59049    32]
 [32768    32     0     1     1]
 [59049  7776 16807   243   243]
 [    1  7776 16807 59049 59049]
 [ 1024  1024  1024   243     0]] 

1 : [[53488 28810 31900 57133 52634]
 [47705 22295 46366 95893 14050]
 [64136 11056 51118  1941 50606]
 [ 2735 83380  1525 40322 21485]
 [42234 28131 10533 14389  3255]] 
1 : Player 1 is now connected to player 0 
1 : Player 1 is now connected to Charlie 
1 : [[    0  3125     0 59049    32]
 [32768    32     0     1     1]
 [59049  7776 16807   243   243]
 [    1  7776 16807 59049 59049]
 [ 1024  1024  1024   243     0]] 
